truth, original, untargetd, 2nd targeted, least targeted
train
6   6   3   3   6
  1.0 1.0 1.0 0.99
2   2   7   7   0
  1.0 1.0 1.0 0.99
5   4   4   5   3
  0.41 1.0 1.0 0.46
6   6   8   8   6
  1.0 1.0 1.0 1.0
3   3   2   2   3
  1.0 1.0 1.0 0.96
3   3   8   8   5
  1.0 1.0 1.0 0.79
8   8   9   9   4
  1.0 1.0 1.0 0.4
3   3   2   2   2
  0.99 1.0 1.0 0.73
3   3   4   4   6
  1.0 1.0 1.0 1.0
0   0   8   9   4
  1.0 1.0 1.0 1.0
0   0   2   2   8
  0.99 1.0 1.0 1.0
1   1   0   9   5
  1.0 1.0 1.0 1.0
7   7   5   5   4
  1.0 1.0 1.0 0.88
0   0   3   3   3
  0.99 1.0 1.0 1.0
8   8   0   0   0
  1.0 1.0 1.0 0.98
3   3   6   5   2
  1.0 1.0 1.0 0.87
4   4   8   8   3
  1.0 1.0 1.0 0.5
0   0   8   8   8
  1.0 1.0 1.0 0.92
2   2   8   8   6
  1.0 1.0 1.0 1.0
5   5   6   3   3
  0.53 1.0 1.0 0.99
8   8   4   0   6
  1.0 1.0 1.0 0.64
6   6   3   3   6
  1.0 1.0 1.0 0.91
5   5   2   3   8
  1.0 1.0 1.0 1.0
3   3   2   5   2
  1.0 1.0 1.0 1.0
9   9   1   1   4
  1.0 1.0 1.0 1.0
8   8   9   9   4
  1.0 1.0 1.0 0.98
5   5   3   3   6
  1.0 1.0 1.0 1.0
3   3   2   2   2
  1.0 1.0 1.0 1.0
5   4   4   3   2
  0.58 1.0 1.0 1.0
3   3   0   5   3
  0.95 1.0 1.0 0.99
8   8   2   0   6
  1.0 1.0 1.0 0.65
4   4   7   7   6
  1.0 1.0 1.0 1.0
3   3   2   2   4
  1.0 1.0 1.0 0.95
9   9   8   8   9
  1.0 1.0 1.0 0.76
3   3   4   5   3
  1.0 1.0 1.0 0.58
9   9   1   1   4
  1.0 1.0 1.0 1.0
6   6   8   0   6
  0.98 1.0 1.0 1.0
6   6   2   2   7
  0.94 1.0 1.0 0.71
2   2   0   0   0
  0.98 1.0 1.0 0.93
0   0   8   1   3
  1.0 1.0 1.0 1.0
0   0   8   9   6
  1.0 1.0 1.0 1.0
7   7   2   4   2
  1.0 1.0 1.0 0.84
8   8   2   0   3
  0.99 1.0 1.0 0.42
2   2   5   7   2
  0.96 1.0 1.0 0.63
6   6   3   3   4
  0.98 1.0 1.0 1.0
1   8   8   1   8
  0.62 1.0 1.0 1.0
6   6   2   2   2
  1.0 1.0 1.0 0.64
3   3   5   5   2
  0.93 1.0 1.0 1.0
5   5   4   4   3
  0.53 1.0 1.0 0.7
1   1   0   0   0
  0.92 1.0 1.0 0.48
val
7   7   5   5   5
  0.99 1.0 1.0 0.84
8   8   2   2   6
  1.0 1.0 0.81 1.0
0   0   8   8   8
  1.0 1.0 1.0 0.72
6   6   8   8   4
  0.77 1.0 1.0 0.67
1   1   8   8   5
  1.0 1.0 1.0 1.0
6   6   3   9   3
  1.0 1.0 1.0 0.91
8   8   6   6   2
  1.0 1.0 1.0 0.85
0   0   8   8   6
  0.98 1.0 1.0 0.56
6   6   3   3   3
  0.96 1.0 1.0 0.99
5   6   6   2   6
  0.75 1.0 1.0 0.46
2   2   0   0   2
  1.0 1.0 1.0 0.71
5   5   3   3   8
  0.98 1.0 1.0 0.93
0   0   4   4   3
  1.0 1.0 1.0 0.96
7   7   4   4   6
  1.0 1.0 1.0 1.0
1   1   8   8   2
  1.0 1.0 1.0 0.99
6   6   3   3   2
  1.0 1.0 1.0 1.0
5   5   4   4   2
  1.0 1.0 1.0 1.0
6   6   3   3   3
  1.0 1.0 1.0 0.9
6   6   2   2   2
  1.0 1.0 1.0 0.94
5   5   3   3   5
  0.74 1.0 1.0 0.69
0   0   8   2   8
  1.0 1.0 1.0 0.59
5   3   3   5   6
  0.58 1.0 1.0 0.39
7   7   3   4   3
  0.97 1.0 1.0 0.88
2   2   6   6   3
  1.0 1.0 1.0 1.0
4   4   6   6   2
  0.95 1.0 1.0 1.0
4   4   3   2   4
  1.0 1.0 1.0 1.0
5   5   3   3   4
  0.54 1.0 1.0 1.0
5   3   3   5   7
  0.99 1.0 1.0 0.99
4   4   3   3   3
  1.0 1.0 1.0 0.87
8   8   0   0   8
  1.0 1.0 1.0 0.86
4   4   2   2   2
  1.0 1.0 1.0 0.72
3   3   2   2   2
  1.0 1.0 1.0 0.79
5   5   2   2   3
  1.0 1.0 1.0 0.97
0   0   8   2   4
  1.0 1.0 1.0 0.99
0   0   8   8   0
  0.99 1.0 1.0 0.99
8   8   0   0   8
  1.0 1.0 1.0 0.96
0   0   8   8   8
  1.0 1.0 1.0 0.75
1   1   6   8   3
  0.95 1.0 1.0 0.96
8   8   4   0   2
  1.0 1.0 1.0 0.92
0   0   8   8   6
  1.0 1.0 1.0 1.0
3   3   6   6   4
  0.99 1.0 1.0 1.0
0   0   8   8   2
  1.0 1.0 1.0 0.36
0   0   2   2   6
  1.0 1.0 0.54 1.0
0   0   8   8   5
  0.98 1.0 1.0 1.0
9   9   1   1   9
  1.0 1.0 1.0 0.54
4   4   7   7   2
  1.0 1.0 1.0 1.0
4   4   6   2   2
  1.0 1.0 1.0 0.98
6   6   3   3   6
  1.0 1.0 1.0 0.66
7   7   6   5   2
  1.0 1.0 1.0 1.0
6   6   3   3   6
  1.0 1.0 1.0 1.0
test
3   3   6   5   3
  1.0 1.0 1.0 0.79
8   8   0   0   3
  1.0 1.0 1.0 1.0
8   8   2   1   5
  1.0 1.0 1.0 0.84
0   0   8   8   8
  0.91 1.0 1.0 0.52
6   6   2   2   3
  1.0 1.0 1.0 0.51
6   6   3   3   9
  1.0 1.0 1.0 1.0
1   1   9   9   4
  1.0 1.0 1.0 1.0
6   6   0   0   3
  1.0 1.0 1.0 0.66
3   3   6   4   3
  1.0 1.0 1.0 0.97
1   1   8   8   8
  0.98 1.0 1.0 0.95
0   0   3   3   2
  1.0 1.0 1.0 0.91
9   9   1   1   4
  1.0 1.0 1.0 0.54
5   5   3   3   2
  0.99 1.0 1.0 0.75
7   7   5   5   7
  1.0 1.0 1.0 1.0
9   9   8   1   8
  1.0 1.0 1.0 0.95
8   8   1   1   1
  0.98 1.0 1.0 0.91
5   5   3   3   3
  1.0 1.0 1.0 1.0
7   7   3   6   1
  1.0 1.0 1.0 1.0
8   8   0   9   5
  1.0 1.0 1.0 0.98
6   6   2   8   8
  1.0 1.0 1.0 0.98
7   7   5   5   4
  0.96 1.0 1.0 0.84
0   0   2   2   3
  0.92 1.0 1.0 0.68
4   4   3   3   0
  0.99 1.0 1.0 1.0
9   9   1   1   9
  1.0 1.0 1.0 0.96
5   5   4   3   0
  1.0 1.0 1.0 1.0
2   2   3   3   3
  0.68 1.0 1.0 1.0
4   4   3   3   6
  0.98 1.0 1.0 1.0
0   0   4   2   0
  1.0 1.0 1.0 0.89
9   9   8   1   4
  0.98 1.0 1.0 0.99
6   6   4   2   2
  1.0 1.0 1.0 1.0
6   6   2   2   5
  1.0 1.0 1.0 1.0
5   5   2   2   2
  1.0 1.0 1.0 0.99
4   8   8   4   4
  0.74 1.0 1.0 0.57
5   5   3   3   6
  0.84 1.0 1.0 0.99
9   9   0   0   0
  1.0 1.0 1.0 0.88
2   8   8   3   3
  0.78 1.0 1.0 0.8
4   4   5   5   4
  1.0 1.0 1.0 0.87
1   1   9   9   0
  0.52 1.0 1.0 1.0
9   9   8   8   2
  1.0 1.0 1.0 0.99
5   5   4   4   6
  1.0 1.0 1.0 1.0
4   4   2   2   3
  0.99 1.0 1.0 1.0
6   6   2   9   9
  1.0 1.0 1.0 0.49
5   5   3   0   6
  0.96 1.0 1.0 1.0
6   6   3   3   6
  1.0 1.0 1.0 1.0
0   0   1   9   0
  1.0 1.0 1.0 1.0
9   9   1   1   1
  1.0 1.0 1.0 0.96
3   3   7   5   4
  1.0 1.0 1.0 1.0
9   8   8   9   8
  0.98 1.0 1.0 0.97
7   7   4   4   4
  1.0 1.0 1.0 0.55
6   6   2   2   3
  1.0 1.0 1.0 1.0
